1                   Rays                49                  29                  43                  518                 0                   683.1               9.43                3.13                1.17                .284                75.1 %              44.2 %              13.7 %              3.73                3.99                4.20                6.6                 
2                   Yankees             39                  15                  49                  468                 0                   577.2               9.88                3.63                1.29                .297                74.9 %              44.4 %              15.1 %              4.08                4.19                4.22                6.4                 
3                   Twins               28                  19                  44                  452                 0                   498.1               9.39                2.96                1.17                .316                71.8 %              39.4 %              12.7 %              4.19                3.96                4.32                6.1                 
4                   Athletics           24                  26                  37                  493                 0                   515.1               9.10                3.44                1.14                .288                73.5 %              37.3 %              11.2 %              4.12                4.12                4.73                5.3                 
5                   Padres              28                  27                  46                  472                 0                   540.1               9.91                2.96                1.27                .316                70.4 %              45.4 %              15.1 %              4.55                4.00                4.02                5.2                 
6                   Red Sox             31                  22                  28                  537                 0                   580.1               10.50               4.28                1.13                .301                72.7 %              43.3 %              13.1 %              4.26                4.12                4.40                4.8                 
7                   Cardinals           32                  17                  45                  459                 0                   491.0               9.82                3.63                1.03                .271                73.9 %              40.2 %              11.8 %              3.72                3.86                4.31                4.6                 
8                   Indians             27                  15                  39                  463                 0                   451.0               9.26                3.05                1.20                .300                77.7 %              39.9 %              12.3 %              3.63                4.07                4.50                4.3                 
9                   Brewers             37                  30                  41                  511                 0                   585.1               9.96                4.00                1.31                .293                71.8 %              44.7 %              16.1 %              4.55                4.37                4.28                3.4                 
10                  Dodgers             38                  21                  37                  463                 0                   477.1               9.31                3.02                1.24                .268                70.2 %              43.4 %              14.3 %              3.96                4.15                4.28                3.2                 
11                  Astros              28                  16                  39                  436                 0                   500.2               9.73                3.22                1.53                .272                77.7 %              43.5 %              17.7 %              3.86                4.40                4.11                3.2                 
12                  Diamondbacks        23                  24                  38                  480                 0                   517.2               8.75                3.69                1.18                .300                73.5 %              45.2 %              14.0 %              4.33                4.36                4.53                2.8                 
13                  Rangers             30                  22                  30                  435                 0                   554.0               8.79                3.83                1.46                .301                72.9 %              43.1 %              15.8 %              4.63                4.81                4.74                2.7                 
14                  Reds                23                  32                  40                  481                 0                   489.2               9.89                3.91                1.38                .292                72.7 %              43.3 %              17.0 %              4.50                4.40                4.21                2.7                 
15                  Giants              34                  17                  38                  504                 0                   544.1               8.70                3.29                1.14                .285                75.0 %              45.5 %              13.4 %              3.95                4.19                4.43                2.7                 
16                  Angels              40                  28                  29                  509                 0                   678.1               9.15                3.79                1.49                .295                72.6 %              42.5 %              15.9 %              4.72                4.74                4.67                2.4                 
17                  Royals              17                  28                  34                  446                 0                   495.2               8.55                4.14                1.16                .329                71.1 %              45.3 %              13.2 %              5.03                4.53                4.81                2.0                 
18                  White Sox           20                  17                  28                  466                 0                   495.2               8.30                4.27                1.31                .289                72.1 %              47.4 %              15.4 %              4.52                4.81                4.80                1.7                 
19                  Cubs                29                  26                  36                  496                 0                   483.2               8.91                4.19                1.17                .283                75.8 %              49.3 %              16.0 %              4.02                4.50                4.43                1.5                 
20                  Blue Jays           33                  27                  28                  504                 0                   626.2               9.15                4.05                1.48                .288                77.3 %              41.9 %              15.6 %              4.35                4.80                4.78                1.3                 
21                  Pirates             29                  28                  28                  477                 0                   555.0               9.91                4.15                1.46                .310                71.7 %              43.6 %              15.9 %              4.78                4.69                4.61                1.3                 
22                  Rockies             21                  26                  23                  498                 0                   522.2               8.28                3.86                1.62                .298                69.9 %              43.6 %              16.9 %              5.13                5.13                4.92                0.5                 
23                  Mets                27                  30                  34                  444                 0                   466.1               9.63                4.03                1.47                .315                71.1 %              40.4 %              15.0 %              5.19                4.75                4.80                0.4                 
24                  Nationals           24                  30                  34                  467                 0                   441.1               9.05                3.94                1.63                .315                67.1 %              39.2 %              15.5 %              5.83                5.07                5.05                0.3                 
25                  Tigers              22                  31                  28                  509                 0                   560.1               8.46                4.13                1.59                .297                70.8 %              43.6 %              16.2 %              4.95                5.13                5.01                0.2                 
26                  Orioles             16                  26                  26                  457                 0                   573.2               8.57                4.08                1.84                .313                68.5 %              43.3 %              19.2 %              5.98                5.54                5.01                0.1                 
27                  Phillies            30                  26                  33                  494                 0                   508.0               8.88                3.63                1.65                .307                75.4 %              42.7 %              18.5 %              4.62                4.98                4.58                0.0                 
28                  Mariners            25                  36                  29                  465                 0                   614.1               8.64                3.88                1.60                .280                68.7 %              44.6 %              17.6 %              4.97                5.00                4.70                -0.1                
29                  Braves              36                  18                  42                  508                 0                   515.0               9.26                4.05                1.45                .305                74.1 %              43.5 %              16.3 %              4.40                4.72                4.60                -0.4                
30                  Marlins             18                  28                  23                  459                 0                   487.0               9.24                4.38                1.68                .294                73.2 %              37.6 %              15.9 %              5.14                5.23                5.15                -2.8                
