1                   Astros              2055                5754                252                 836                 808                 56                  9.9 %               18.2 %              .218                .301                .277                .353                .495                .354                125                 -9.5                176.8               -4.3                36.4                
2                   Dodgers             2124                5672                258                 799                 777                 45                  9.9 %               21.2 %              .219                .290                .259                .340                .478                .341                112                 8.0                 101.7               51.1                32.7                
3                   Yankees             2034                5619                276                 848                 811                 50                  9.1 %               22.7 %              .222                .308                .270                .340                .492                .348                117                 0.3                 123.0               -10.5               30.2                
4                   Twins               2033                5695                276                 838                 808                 26                  8.2 %               21.1 %              .225                .301                .270                .338                .495                .348                117                 -7.0                113.3               -14.0               29.2                
5                   Red Sox             2155                5780                226                 816                 779                 60                  9.2 %               21.0 %              .203                .313                .272                .343                .475                .342                109                 -8.7                54.2                13.1                26.4                
6                   Athletics           2101                5647                230                 768                 727                 43                  9.1 %               21.0 %              .198                .281                .249                .327                .448                .327                107                 -5.9                43.0                17.7                25.3                
7                   Braves              2151                5679                230                 783                 754                 83                  9.7 %               23.1 %              .198                .305                .259                .337                .457                .334                102                 9.4                 25.9                44.2                24.7                
8                   Diamondbacks        2126                5647                208                 740                 708                 83                  8.4 %               21.3 %              .188                .295                .256                .325                .444                .323                96                  19.5                -11.0               61.8                22.7                
9                   Cubs                2107                5496                228                 711                 685                 42                  9.5 %               23.7 %              .199                .295                .251                .331                .450                .328                100                 -5.5                -3.2                48.1                21.7                
10                  Nationals           2050                5539                206                 765                 721                 101                 9.1 %               21.0 %              .190                .305                .263                .339                .454                .334                101                 3.9                 11.9                29.5                21.5                
11                  Rays                2151                5655                192                 688                 652                 86                  8.6 %               23.5 %              .177                .306                .254                .326                .431                .320                102                 9.9                 24.4                -8.8                20.9                
12                  Brewers             2196                5619                224                 679                 659                 95                  9.9 %               24.5 %              .192                .298                .249                .330                .441                .324                96                  8.6                 -19.0               52.0                20.9                
13                  Phillies            2138                5581                191                 705                 674                 68                  9.2 %               23.0 %              .182                .296                .248                .323                .430                .317                92                  13.8                -43.6               63.3                19.5                
14                  Mets                2149                5606                206                 696                 673                 51                  8.1 %               22.0 %              .179                .303                .258                .329                .438                .324                102                 -13.9               4.1                 14.4                19.5                
15                  Angels              2166                5657                206                 717                 685                 58                  9.6 %               19.7 %              .180                .280                .249                .328                .429                .320                101                 -5.5                1.8                 -6.4                19.0                
16                  Indians             2060                5528                203                 693                 658                 95                  9.3 %               21.6 %              .184                .289                .251                .325                .435                .320                94                  3.8                 -36.2               28.3                18.2                
17                  Cardinals           2108                5429                177                 670                 630                 98                  8.8 %               22.3 %              .164                .293                .247                .321                .411                .312                92                  13.0                -42.5               51.1                17.9                
18                  Mariners            2065                5547                223                 693                 668                 107                 9.5 %               25.6 %              .194                .287                .239                .317                .433                .317                100                 12.0                14.7                -56.6               15.0                
19                  Padres              2114                5359                203                 626                 599                 66                  8.2 %               25.7 %              .177                .295                .242                .309                .419                .308                89                  -10.3               -88.7               54.1                13.5                
20                  Reds                2198                5443                207                 645                 625                 66                  7.8 %               23.4 %              .181                .291                .247                .316                .428                .314                88                  -13.4               -98.1               29.8                10.5                
21                  Pirates             2169                5587                158                 691                 668                 60                  7.0 %               19.6 %              .162                .310                .266                .325                .428                .317                94                  -4.7                -50.5               -23.2               10.5                
22                  Giants              2186                5497                156                 624                 604                 39                  7.7 %               23.0 %              .159                .290                .240                .304                .399                .298                84                  -3.6                -118.4              46.4                10.4                
23                  Rangers             2045                5602                199                 722                 683                 111                 8.6 %               25.7 %              .183                .305                .247                .318                .430                .316                87                  12.5                -80.3               -30.0               8.6                 
24                  Blue Jays           2061                5414                217                 631                 605                 42                  8.3 %               24.7 %              .188                .276                .234                .302                .422                .306                89                  -7.0                -82.7               -22.9               8.4                 
25                  Royals              1998                5437                147                 616                 582                 107                 7.6 %               22.4 %              .153                .295                .245                .308                .398                .301                83                  -2.8                -120.4              10.5                8.0                 
26                  White Sox           2042                5366                155                 616                 588                 60                  6.3 %               25.5 %              .148                .323                .256                .310                .404                .304                89                  7.4                 -65.9               -44.4               7.7                 
27                  Rockies             2132                5591                188                 742                 714                 52                  7.6 %               23.7 %              .185                .322                .265                .324                .450                .325                83                  -1.8                -128.0              13.1                6.5                 
28                  Orioles             2091                5437                183                 628                 597                 72                  7.2 %               23.5 %              .165                .294                .246                .307                .411                .305                86                  2.9                 -93.3               -61.0               3.7                 
29                  Marlins             2100                5355                125                 539                 520                 42                  6.7 %               24.6 %              .129                .302                .240                .299                .370                .287                77                  -21.3               -183.4              26.5                1.7                 
30                  Tigers              2047                5409                135                 532                 507                 52                  6.5 %               26.6 %              .149                .309                .241                .295                .389                .290                77                  -3.8                -161.8              -46.3               -1.6                
