1                   Stephen Strasburg   Nationals           16                  6                   0                   29                  29                  185.0               10.80               2.29                1.02                .281                74.3 %              50.1 %              15.4 %              3.50                3.20                3.19                5.2                 
2                   Sonny Gray          Reds                10                  6                   0                   28                  28                  157.1               10.35               3.43                0.86                .261                80.8 %              51.4 %              12.5 %              2.75                3.37                3.65                4.0                 
3                   Matthew Boyd        Tigers              8                   10                  0                   29                  29                  171.1               11.82               2.26                1.89                .306                75.5 %              35.0 %              18.8 %              4.57                4.21                3.71                3.3                 
4                   Marco Gonzales      Mariners            14                  11                  0                   30                  30                  175.0               6.58                2.52                1.03                .307                66.5 %              40.1 %              9.2 %               4.37                4.18                5.17                3.2                 
5                   John Means          Orioles             10                  10                  0                   27                  23                  131.0               7.08                2.20                1.31                .255                76.0 %              31.7 %              9.5 %               3.50                4.37                5.52                2.6                 
6                   Reynaldo Lopez      White Sox           9                   12                  0                   29                  29                  162.0               8.28                3.33                1.50                .309                68.1 %              34.2 %              12.3 %              5.17                4.80                5.34                2.5                 
7                   Robbie Ray          Diamondbacks        12                  7                   0                   29                  29                  156.1               11.92               4.20                1.44                .303                75.9 %              38.5 %              18.8 %              4.03                4.10                3.72                2.5                 
8                   Cole Hamels         Cubs                7                   6                   0                   24                  24                  130.0               8.65                3.25                1.11                .314                76.1 %              48.3 %              13.1 %              3.95                4.09                4.36                2.3                 
9                   Chris Paddack       Padres              8                   7                   0                   24                  24                  129.2               9.51                2.01                1.53                .242                75.6 %              40.9 %              15.2 %              3.54                4.11                4.14                2.1                 
10                  Martin Perez        Twins               10                  6                   0                   28                  25                  147.2               7.37                3.72                1.22                .303                68.6 %              49.6 %              15.0 %              4.75                4.63                4.67                1.7                 
11                  Domingo German      Yankees             17                  4                   0                   25                  24                  136.2               9.61                2.44                1.98                .261                77.7 %              38.3 %              19.7 %              4.21                4.83                4.19                1.7                 
12                  Brett Anderson      Athletics           11                  9                   0                   28                  28                  161.0               4.53                2.52                1.06                .276                73.3 %              54.4 %              13.8 %              4.08                4.65                4.83                1.7                 
13                  Steven Matz         Mets                9                   8                   0                   28                  26                  139.1               8.53                2.71                1.49                .301                75.9 %              46.3 %              16.9 %              4.00                4.48                4.28                1.7                 
14                  Zach Eflin          Phillies            8                   11                  0                   28                  24                  140.0               7.20                2.38                1.48                .299                72.8 %              43.7 %              15.0 %              4.31                4.67                4.71                1.6                 
15                  Pablo Lopez         Marlins             5                   8                   0                   17                  17                  91.0                8.21                1.88                1.19                .294                66.9 %              46.4 %              14.5 %              4.75                3.99                4.10                1.6                 
16                  Trent Thornton      Blue Jays           4                   9                   0                   28                  28                  134.1               8.51                3.68                1.54                .317                71.5 %              30.9 %              13.9 %              5.23                4.89                5.11                1.4                 
17                  Ross Stripling      Dodgers             4                   4                   0                   28                  13                  81.2                8.82                2.09                1.21                .285                74.1 %              50.9 %              15.5 %              3.42                3.78                3.76                1.4                 
18                  Zach Davies         Brewers             9                   7                   0                   27                  27                  141.1               5.79                2.93                1.27                .281                76.2 %              39.4 %              12.4 %              3.69                4.78                5.22                1.1                 
19                  Ariel Jurado        Rangers             7                   10                  0                   29                  17                  116.2               6.02                2.62                1.54                .309                61.6 %              45.8 %              16.4 %              5.40                5.08                4.94                1.0                 
20                  Dakota Hudson       Cardinals           15                  6                   1                   29                  28                  153.2               6.79                4.10                1.17                .279                77.2 %              57.1 %              20.8 %              3.40                4.94                4.49                0.9                 
21                  Dallas Keuchel      Braves              7                   5                   0                   15                  15                  90.2                7.25                2.88                1.19                .298                81.7 %              61.3 %              24.0 %              3.47                4.51                3.89                0.8                 
22                  Wilmer Font         - - -               3                   4                   0                   40                  13                  72.0                10.00               3.13                1.50                .308                77.3 %              37.2 %              13.8 %              4.38                4.32                4.57                0.7                 
23                  Dustin May          Dodgers             1                   3                   0                   7                   4                   25.2                6.66                1.40                0.70                .321                54.5 %              42.7 %              9.5 %               4.91                3.45                4.07                0.6                 
24                  Antonio Senzatela   Rockies             8                   10                  0                   21                  21                  102.2               5.00                4.30                1.31                .334                59.6 %              53.8 %              17.6 %              7.19                5.52                5.27                0.5                 
25                  Andrew Kittredge    Rays                1                   0                   0                   29                  6                   41.0                10.32               2.41                1.32                .345                73.5 %              50.0 %              19.4 %              4.17                3.70                3.31                0.5                 
26                  Adam Plutko         Indians             6                   4                   0                   17                  16                  93.1                6.08                1.83                1.93                .263                77.3 %              32.0 %              14.5 %              4.44                5.35                5.52                0.5                 
27                  Joshua James        Astros              5                   0                   1                   42                  1                   55.1                14.64               5.37                1.46                .294                72.1 %              36.0 %              17.6 %              4.55                4.03                3.75                0.4                 
28                  Jose Urquidy        Astros              1                   1                   0                   6                   5                   27.0                8.00                1.67                1.67                .301                67.9 %              40.7 %              13.2 %              5.33                4.40                4.80                0.4                 
29                  Ryan Weber          Red Sox             2                   3                   0                   14                  3                   35.1                6.11                1.78                0.76                .302                68.5 %              50.0 %              8.8 %               4.33                3.81                4.62                0.4                 
30                  Austin Pruitt       Rays                2                   0                   0                   12                  2                   42.2                7.80                2.11                1.48                .300                74.1 %              52.0 %              20.6 %              4.43                4.31                3.77                0.2                 
