Astros              146                 95                  51                  .651                241                 5.73                4.08                16                  10                  6                   .633                22                  5.71                4.31                105                 57                  .649                263                 5.72                4.10                
Yankees             146                 95                  51                  .651                173                 5.81                4.62                16                  9                   7                   .581                14                  5.63                4.76                104                 58                  .644                187                 5.79                4.64                
Dodgers             146                 94                  52                  .644                237                 5.47                3.85                16                  10                  6                   .613                18                  5.19                4.07                104                 58                  .641                255                 5.44                3.87                
Twins               144                 89                  55                  .618                173                 5.82                4.62                18                  10                  8                   .550                10                  5.42                4.89                99                  63                  .611                183                 5.78                4.65                
Braves              146                 90                  56                  .616                101                 5.36                4.67                16                  9                   7                   .551                8                   5.10                4.58                99                  63                  .610                109                 5.34                4.66                
Rays                146                 87                  59                  .596                107                 4.71                3.98                16                  9                   7                   .552                8                   4.84                4.33                96                  66                  .592                115                 4.72                4.01                
Athletics           145                 85                  60                  .586                137                 5.28                4.33                17                  9                   8                   .521                4                   5.18                4.96                94                  68                  .579                141                 5.27                4.40                
Indians             146                 85                  61                  .582                112                 4.75                3.98                16                  8                   8                   .522                4                   5.07                4.85                93                  69                  .576                116                 4.78                4.07                
Cardinals           144                 81                  63                  .563                84                  4.65                4.07                18                  9                   9                   .527                5                   4.87                4.61                90                  72                  .559                89                  4.68                4.13                
Nationals           143                 79                  64                  .552                112                 5.35                4.57                19                  11                  8                   .594                18                  5.28                4.33                90                  72                  .557                130                 5.34                4.54                
Cubs                144                 77                  67                  .535                81                  4.94                4.38                18                  10                  8                   .565                12                  5.08                4.43                87                  75                  .538                93                  4.95                4.38                
Red Sox             145                 76                  69                  .524                84                  5.63                5.05                17                  10                  7                   .578                14                  5.61                4.78                86                  76                  .530                98                  5.63                5.02                
Brewers             144                 76                  68                  .528                -27                 4.72                4.90                18                  9                   9                   .478                -4                  4.83                5.05                85                  77                  .522                -31                 4.73                4.92                
Mets                144                 74                  70                  .514                20                  4.83                4.69                18                  10                  8                   .561                10                  4.78                4.20                84                  78                  .519                30                  4.83                4.64                
Phillies            144                 75                  69                  .521                -5                  4.90                4.93                18                  9                   9                   .479                -4                  4.97                5.19                84                  78                  .516                -9                  4.90                4.96                
Diamondbacks        145                 75                  70                  .517                79                  5.10                4.56                17                  8                   9                   .487                -2                  4.81                4.94                83                  79                  .514                77                  5.07                4.60                
Rangers             146                 72                  74                  .493                -39                 4.95                5.21                16                  7                   9                   .457                -7                  4.76                5.21                79                  83                  .490                -46                 4.93                5.21                
Giants              145                 70                  75                  .483                -73                 4.30                4.81                17                  8                   9                   .448                -9                  4.33                4.84                78                  84                  .479                -82                 4.31                4.81                
Reds                145                 67                  78                  .462                4                   4.45                4.42                17                  9                   8                   .526                4                   4.70                4.45                76                  86                  .469                8                   4.47                4.42                
Padres              144                 67                  77                  .465                -71                 4.35                4.84                18                  9                   9                   .482                -3                  4.51                4.68                76                  86                  .467                -74                 4.36                4.82                
Angels              146                 67                  79                  .459                -61                 4.91                5.33                16                  8                   8                   .498                0                   5.10                5.13                75                  87                  .463                -61                 4.93                5.31                
White Sox           144                 64                  80                  .444                -135                4.28                5.22                18                  8                   10                  .430                -13                 4.60                5.32                72                  90                  .443                -148                4.31                5.23                
Pirates             145                 63                  82                  .435                -107                4.77                5.50                17                  8                   9                   .483                -3                  4.60                4.77                71                  91                  .440                -110                4.75                5.43                
Rockies             145                 61                  84                  .421                -117                5.12                5.92                17                  7                   10                  .438                -12                 5.18                5.86                68                  94                  .423                -129                5.12                5.92                
Mariners            145                 59                  86                  .407                -133                4.78                5.70                17                  7                   10                  .409                -16                 4.37                5.30                66                  96                  .407                -149                4.74                5.65                
Blue Jays           145                 56                  89                  .386                -98                 4.35                5.03                17                  8                   9                   .444                -10                 4.86                5.45                64                  98                  .392                -108                4.40                5.07                
Royals              145                 53                  92                  .366                -155                4.25                5.32                17                  7                   10                  .435                -11                 4.60                5.27                60                  102                 .373                -166                4.28                5.31                
Marlins             144                 51                  93                  .354                -179                3.74                4.99                18                  7                   11                  .390                -19                 3.92                4.98                58                  104                 .358                -198                3.76                4.99                
Orioles             144                 46                  98                  .319                -263                4.36                6.19                18                  7                   11                  .400                -19                 4.67                5.75                53                  109                 .328                -282                4.40                6.14                
Tigers              143                 43                  100                 .301                -282                3.70                5.67                19                  8                   11                  .403                -19                 4.30                5.27                51                  111                 .313                -301                3.77                5.62                
